2 0.252500 0.613333 0.215000 0.226667
2 0.252500 0.613333 0.215000 0.226667
2 0.494375 0.631667 0.183750 0.303333
2 0.494375 0.631667 0.183750 0.303333
2 0.765625 0.581667 0.263750 0.206667
2 0.765625 0.581667 0.263750 0.206667
2 0.798750 0.435833 0.180000 0.095000
2 0.798750 0.435833 0.180000 0.095000
2 0.673125 0.365833 0.106250 0.051667
2 0.673125 0.365833 0.106250 0.051667
2 0.621250 0.442500 0.137500 0.108333
2 0.621250 0.442500 0.137500 0.108333
2 0.500000 0.372500 0.075000 0.058333
2 0.500000 0.372500 0.075000 0.058333
2 0.389375 0.440833 0.151250 0.105000
2 0.389375 0.440833 0.151250 0.105000
2 0.186875 0.432500 0.173750 0.101667
2 0.186875 0.432500 0.173750 0.101667
2 0.326875 0.368333 0.108750 0.053333
2 0.326875 0.368333 0.108750 0.053333
