4 0.661875 0.462500 0.053750 0.218333
4 0.661875 0.462500 0.053750 0.218333
4 0.811875 0.567500 0.103750 0.598333
4 0.811875 0.567500 0.103750 0.598333
4 0.965625 0.607500 0.066250 0.495000
4 0.965625 0.607500 0.066250 0.495000
4 0.435625 0.609167 0.126250 0.691667
4 0.435625 0.609167 0.126250 0.691667
4 0.549375 0.635833 0.108750 0.615000
4 0.549375 0.635833 0.108750 0.615000
4 0.900000 0.524167 0.052500 0.271667
4 0.900000 0.524167 0.052500 0.271667
4 0.945625 0.420833 0.048750 0.178333
4 0.945625 0.420833 0.048750 0.178333
