4 0.933125 0.629167 0.058750 0.148333
4 0.933125 0.629167 0.058750 0.148333
4 0.978125 0.633333 0.041250 0.150000
4 0.978125 0.633333 0.041250 0.150000
4 0.844375 0.592500 0.023750 0.045000
4 0.844375 0.592500 0.023750 0.045000
4 0.867500 0.619167 0.037500 0.105000
4 0.867500 0.619167 0.037500 0.105000
4 0.563750 0.604167 0.030000 0.118333
4 0.563750 0.604167 0.030000 0.118333
4 0.586875 0.605833 0.036250 0.108333
4 0.586875 0.605833 0.036250 0.108333
4 0.791875 0.567500 0.113750 0.595000
4 0.791875 0.567500 0.113750 0.595000
4 0.443750 0.582500 0.085000 0.348333
4 0.443750 0.582500 0.085000 0.348333
4 0.254375 0.521667 0.156250 0.626667
4 0.254375 0.521667 0.156250 0.626667
