6 0.060625 0.217500 0.041250 0.141667
6 0.060625 0.217500 0.041250 0.141667
6 0.241250 0.148333 0.045000 0.170000
6 0.241250 0.148333 0.045000 0.170000
6 0.278750 0.520833 0.015000 0.048333
6 0.278750 0.520833 0.015000 0.048333
6 0.296250 0.522500 0.012500 0.045000
6 0.296250 0.522500 0.012500 0.045000
6 0.215000 0.408333 0.015000 0.053333
6 0.215000 0.408333 0.015000 0.053333
6 0.670000 0.406667 0.015000 0.050000
6 0.670000 0.406667 0.015000 0.050000
6 0.754375 0.412500 0.018750 0.051667
6 0.754375 0.412500 0.018750 0.051667
6 0.838125 0.423333 0.018750 0.053333
6 0.838125 0.423333 0.018750 0.053333
6 0.953125 0.521667 0.018750 0.053333
6 0.953125 0.521667 0.018750 0.053333
